200 14102 18298 19941 19993 20000
400 18926 28412 34748 34972 34996
600 22772 37782 43465 44672 49904
800 25155 44630 53801 64736 64856
1000 26425 53997 69790 79685 79211
1200 30101 61133 84261 94731 88321
1400 30903 70702 99123 109658 103356
1600 32996 74664 110348 124701 118555
1800 34188 78766 125021 139756 138583
2000 36801 84773 135539 154733 153506
2200 39471 90748 150727 169756 169272
2400 40686 95597 166478 184729 184333
2600 40513 109232 176373 199819 199343
2800 42735 112418 192432 214886 214334
3000 42994 115855 208610 229880 229327
3200 44828 122649 218717 244854 244767
3400 44792 129971 234626 269799 264818
3600 47010 138074 244518 284805 279822
3800 47067 143589 261936 299814 294782
4000 48895 148582 272004 314839 309822
4200 48724 157118 292066 329851 324808
4400 49588 162016 304584 344837 339899
4600 50733 160505 319308 364792 354900
4800 52008 166066 333602 379578 374913
5000 53749 174177 354100 394581 399926
5200 53993 175942 369750 409661 414902
5400 54467 175950 380665 424792 429921
5600 54748 189482 405492 439815 444926
