200 15684 19702 19989 19999 20000
400 19085 33497 29905 35000 35000
600 23348 49609 49292 44953 44998
800 24997 49800 62631 69938 64957
1000 27832 60391 77536 79838 84948
1200 32449 77662 82828 79850 89991
1400 33148 88120 97311 109612 109930
1600 35859 94623 111152 134029 119898
1800 36568 110202 137237 134248 139847
2000 38908 113577 151891 139309 154766
2200 41505 118285 158966 149499 169740
2400 43310 120945 164232 182916 174850
2600 45163 135995 173753 198658 204700
2800 45813 149258 189777 208439 204696
3000 47549 155130 203241 232543 219441
3200 51438 159418 225194 242401 234481
3400 52812 170483 239075 247676 254324
3600 53865 178242 259499 262908 259696
3800 56670 185606 265917 263118 264724
4000 55465 186262 276454 291269 284704
4200 58212 191980 284283 296936 289416
4400 57221 207878 290646 302129 313876
4600 58864 212384 298187 307437 314237
4800 62774 214910 302995 321327 314324
5000 62463 218326 314028 336612 329291
5200 63300 230636 342183 364621 339252
5400 65487 229432 359451 374762 344382
5600 65203 239863 372694 384371 349405
