200 15626 19704 19994 20000 20000
400 19088 33449 29878 34998 35000
600 23368 49098 49223 44945 45000
800 24895 49942 62682 69907 64968
1000 27202 60458 77551 79845 84965
1200 31920 77286 82821 79858 89967
1400 32420 87737 97154 109548 109937
1600 36207 94771 111283 134136 119897
1800 36662 109002 137197 134194 139868
2000 38564 112248 151503 139335 154789
2200 41046 117232 159411 149469 169771
2400 42072 122820 163656 182991 174790
2600 44703 133952 173349 198681 204720
2800 45329 149939 188999 208352 204727
3000 48684 154306 202322 232819 219450
3200 49634 157739 226047 242356 234552
3400 51246 171607 238677 247869 254131
3600 56028 179200 259092 262578 259653
3800 56587 183193 263467 263082 264793
4000 55604 184890 274843 290878 284672
4200 58520 193275 284620 297589 289513
4400 57469 206530 293115 302550 313610
4600 57953 209956 297877 306822 314376
4800 60833 212919 303143 321022 314368
5000 61866 222029 315855 336417 329262
5200 62747 233330 339507 364442 339325
5400 66447 235884 356376 374030 344468
5600 69389 240235 372039 384519 349439
